105
I1	79719.68789	56291.45932	62772.47837	59301.29741	56031.04027	55961.90694	66272.98313	57626.31646	59625.32599	62962.53551	55928.84980	61542.83075	56675.81170	57113.61170	69379.32599	56208.69741	55008.64027	64181.09741	55013.43075	63169.91646	62340.29741	68661.90694	55745.12599	61611.80218	68156.87837	55311.56408	55955.70694	61213.58313	56188.19265	64817.21170	56860.43075	66397.01170	63692.92599	57156.92599	60919.38313	59193.86884	62346.19265	67389.44027	55746.65932	57000.41170	55675.23075	56767.57361	56635.78313	62357.79265	63757.34503	64419.71646	69603.96408	55517.55456	59535.04980	57197.29741	57322.48789	61628.37361	57409.87837	61029.12599	56663.44980	56561.36408	57554.64980	62475.92599	62972.44980	56709.75456	64835.39265	56567.86884	62891.60218	64604.31646	66241.91646	56041.10694	62572.66884	62324.84027	56540.37361	55905.05932	57590.03075	55933.33551	57020.21170	61650.49741	57671.01170	64556.25932	59647.21170	61316.50694	55767.86884	66345.46884	55925.05932	56664.65932	65052.08789	62927.63075	65490.22122	57033.42122	62923.44027	61368.38313	65685.01170	57155.45932	55380.22122	62841.94503	57354.87837	55516.84980	56422.86884	56857.99265	56252.84980	62948.24027	56735.57361	57300.55456	56738.35456	59294.18313	57350.48789	55690.79265	63246.21170
I2	56291.45932	72966.23075	56929.24980	55280.06884	61722.81170	55049.67837	56742.75456	55163.08789	55733.09741	56739.30694	60934.62122	56969.60218	54605.58313	54960.38313	56982.09741	58929.46884	53544.41170	54466.86884	53473.20218	56195.68789	57037.06884	56707.67837	57047.89741	57029.57361	57477.64980	56424.33551	53399.47837	56776.35456	62773.96408	56565.98313	54145.20218	56290.78313	56824.69741	54815.69741	56703.15456	56045.64027	57214.96408	56526.21170	53289.43075	54901.18313	57967.00218	54543.34503	54052.55456	57328.56408	56948.11646	56755.48789	56263.73551	53502.32599	54627.82122	55088.06884	55301.25932	56977.14503	54502.64980	56658.89741	54245.22122	54458.13551	54827.42122	57272.69741	56928.22122	53711.52599	56861.16408	53821.64027	56802.37361	57024.08789	55961.68789	57862.87837	55122.44027	57353.61170	53787.14503	54119.83075	55906.80218	58891.10694	54753.98313	57476.26884	54896.78313	57385.03075	55804.98313	57110.27837	60112.64027	57063.24027	57857.83075	54317.43075	57092.85932	57078.40218	56099.99265	55083.19265	57468.21170	56816.15456	56409.78313	54705.23075	53173.99265	56760.71646	55231.64980	53210.62122	53708.64027	53807.76408	53652.62122	57302.01170	53857.34503	55268.32599	54943.12599	55100.95456	54802.25932	54260.56408	56995.98313
I3	62772.47837	56929.24980	75504.26884	60869.08789	56670.83075	56361.69741	63864.77361	57861.10694	63492.11646	65017.32599	56428.64027	66240.62122	56962.60218	57197.40218	64839.11646	56517.48789	55758.43075	58643.88789	55690.22122	64941.70694	66977.08789	63750.69741	56357.91646	66439.59265	65040.66884	55548.35456	55518.49741	64971.37361	56645.98313	63651.00218	56555.22122	63968.80218	65690.71646	57376.71646	65415.17361	61141.65932	66978.98313	64190.23075	55862.44980	57627.20218	55978.02122	57312.36408	56357.57361	65230.58313	65348.13551	64359.50694	63504.75456	55888.34503	60047.84027	57459.08789	57737.27837	66556.16408	56915.66884	67884.91646	56528.24027	57195.15456	57662.44027	65645.71646	66162.24027	56198.54503	66162.18313	56329.65932	64832.39265	66846.10694	63099.70694	56389.89741	59883.45932	65638.63075	56105.16408	56225.84980	58313.82122	56062.12599	57342.00218	65509.28789	60136.80218	65529.04980	62398.00218	66384.29741	56233.65932	67215.25932	56328.84980	56817.44980	65153.87837	65816.42122	63106.01170	57393.21170	67005.23075	64290.17361	63611.80218	57604.24980	55816.01170	65663.73551	57662.66884	55617.64027	55813.65932	56600.78313	56019.64027	65149.03075	59482.36408	57653.34503	57481.14503	61681.97361	59890.27837	55893.58313	64380.00218
I4	59301.29741	55280.06884	60869.08789	71475.90694	54870.64980	54783.51646	59775.59265	56308.92599	58115.93551	60592.14503	54979.45932	59233.44027	55242.42122	59668.22122	60721.93551	55167.30694	54434.24980	56793.70694	54743.04027	60796.52599	60746.90694	60388.51646	54952.73551	60032.41170	61807.48789	53975.17361	54523.31646	60947.19265	55347.80218	59467.82122	62227.04027	60289.62122	62933.53551	56061.53551	60063.99265	58055.47837	61013.80218	60393.04980	54008.26884	55716.02122	54468.84027	55853.18313	61795.39265	60622.40218	60477.95456	59827.32599	60709.57361	54937.16408	57761.65932	56139.90694	56107.09741	59582.98313	62745.48789	59508.73551	61524.05932	58354.97361	55939.25932	60926.53551	60086.05932	61117.36408	59237.00218	58965.47837	61398.21170	61040.92599	59802.52599	54862.71646	57804.27837	60827.44980	59855.98313	54810.66884	56719.64027	54892.94503	55815.82122	60298.10694	56423.62122	62621.86884	57749.82122	59266.11646	55042.47837	62155.07837	54947.66884	58976.26884	59265.69741	61051.24027	59911.83075	55689.03075	60007.04980	60331.99265	59067.62122	55475.06884	54361.83075	59969.55456	56032.48789	54283.45932	61307.47837	60488.60218	59366.45932	60423.84980	55680.18313	56282.16408	56141.96408	56902.79265	56343.09741	54353.40218	61083.82122
I5	56031.04027	61722.81170	56670.83075	54870.64980	71905.39265	54263.25932	56321.33551	54978.66884	55308.67837	56285.88789	65475.20218	56901.18313	54059.16408	54643.96408	56641.67837	57739.04980	53046.99265	54282.44980	52715.78313	55770.26884	56440.64980	56592.25932	58317.47837	56659.15456	57037.23075	56426.91646	52980.05932	56268.93551	64777.54503	56141.56408	53609.78313	56095.36408	56528.27837	54193.27837	56091.73551	55249.22122	56690.54503	55984.79265	52898.01170	54454.76408	56057.58313	54497.92599	53407.13551	56533.14503	56664.69741	56141.06884	56238.31646	52931.90694	54256.40218	54494.64980	54772.84027	56633.72599	54066.23075	56543.47837	53733.80218	53665.71646	54600.00218	56573.27837	56641.80218	53272.10694	56717.74503	53465.22122	56192.95456	56432.66884	55674.26884	56498.45932	54862.02122	56777.19265	53481.72599	53992.41170	55275.38313	57994.68789	54540.56408	56936.84980	54333.36408	56592.61170	55248.56408	56628.85932	58624.22122	56685.82122	56629.41170	53852.01170	56422.44027	56752.98313	55890.57361	54855.77361	57134.79265	55849.73551	56185.36408	54543.81170	52741.57361	56286.29741	54649.23075	52778.20218	53209.22122	53632.34503	53159.20218	56619.59265	53493.92599	54669.90694	54735.70694	54840.53551	54231.84027	54989.14503	56445.56408
I6	55961.90694	55049.67837	56361.69741	54783.51646	54263.25932	70222.12599	56218.20218	55147.53551	55157.54503	56198.75456	54202.06884	56445.04980	53974.03075	54488.83075	56339.54503	54504.91646	52936.85932	54229.31646	52865.64980	55537.13551	56318.51646	56146.12599	56518.34503	56341.02122	56618.09741	54688.78313	52909.92599	55995.80218	54490.41170	55697.43075	53605.64980	55890.23075	55909.14503	53780.14503	55987.60218	55385.08789	56249.41170	55930.65932	58642.87837	54385.63075	55234.44980	54093.79265	53603.00218	56429.01170	56393.56408	56007.93551	55926.18313	52978.77361	54025.26884	54123.51646	54690.70694	56422.59265	53939.09741	56432.34503	53749.66884	53907.58313	54635.86884	56327.14503	56439.66884	53384.97361	56470.61170	53096.08789	55852.82122	56564.53551	55523.13551	54798.32599	54756.88789	56360.05932	53365.59265	56866.27837	55165.24980	54077.55456	54326.43075	56676.71646	54125.23075	56669.47837	55277.43075	56453.72599	55350.08789	56534.68789	55507.27837	53904.87837	56271.30694	56418.84980	55534.44027	54675.64027	56910.65932	56243.60218	56097.23075	54615.67837	52864.44027	56186.16408	54489.09741	52535.06884	53149.08789	53537.21170	53254.06884	56674.45932	53088.79265	54502.77361	54481.57361	54648.40218	54184.70694	54349.01170	56055.43075
I7	66272.98313	56742.75456	63864.77361	59775.59265	56321.33551	56218.20218	75006.27837	57616.61170	61627.62122	63621.83075	56279.14503	67262.12599	57114.10694	57118.90694	65009.62122	56562.99265	55548.93551	61491.39265	55613.72599	62606.21170	64043.59265	67607.20218	56089.42122	65319.09741	66678.17361	55595.85932	55843.00218	63884.87837	56543.48789	63020.50694	56969.72599	65362.30694	63161.22122	57593.22122	63284.67837	62501.16408	64067.48789	65657.73551	56132.95456	57039.70694	56006.52599	57083.86884	56761.07837	64562.08789	64812.64027	65881.01170	65581.25932	55774.84980	59403.34503	57373.59265	57604.78313	65317.66884	57417.17361	65262.42122	56642.74503	56795.65932	57683.94503	64973.22122	64203.74503	56547.04980	65471.68789	56444.16408	62903.89741	65680.61170	63964.21170	56380.40218	61038.96408	63949.13551	56394.66884	56441.35456	57781.32599	56064.63075	57223.50694	66380.79265	59650.30694	64451.55456	61627.50694	65780.80218	56183.16408	64647.76408	56297.35456	57118.95456	65393.38313	64530.92599	63040.51646	57251.71646	66161.73551	63494.67837	66082.30694	57145.75456	55787.51646	64300.24027	57485.17361	55655.14503	56397.16408	57003.28789	56004.14503	64403.53551	59560.86884	57354.84980	57257.64980	63777.47837	59875.78313	55795.08789	64935.50694
I8	57626.31646	55163.08789	57861.10694	56308.92599	54978.66884	55147.53551	57616.61170	75969.94503	57724.95456	57475.16408	54813.47837	57752.45932	57594.44027	57879.24027	58069.95456	54944.32599	54004.26884	55604.72599	53939.05932	57568.54503	57641.92599	57495.53551	55112.75456	57781.43075	58493.50694	54108.19265	54355.33551	57535.21170	55177.82122	57673.84027	55449.05932	57378.64027	57649.55456	57327.55456	57440.01170	57304.49741	58042.82122	57501.06884	54680.28789	60826.04027	54594.85932	61350.20218	55553.41170	57969.42122	57755.97361	57624.34503	57550.59265	54187.18313	55651.67837	57451.92599	58672.11646	57971.00218	55864.50694	57346.75456	55522.07837	57492.99265	59735.27837	57615.55456	57889.07837	55305.38313	57511.02122	55096.49741	57829.23075	58221.94503	56755.54503	55157.73551	57214.29741	57948.46884	55237.00218	54957.68789	64874.65932	54929.96408	57477.84027	57901.12599	55012.64027	58273.88789	58575.84027	58012.13551	54901.49741	58327.09741	54941.68789	59617.28789	57728.71646	58003.25932	57387.84980	63151.04980	58240.06884	57413.01170	57239.64027	61681.08789	54221.84980	57483.57361	64385.50694	54075.47837	54971.49741	55474.62122	55010.47837	58181.86884	54301.20218	57764.18313	66056.98313	57254.81170	55514.11646	54325.42122	57666.84027
I9	59625.32599	55733.09741	63492.11646	58115.93551	55308.67837	55157.54503	61627.62122	57724.95456	69625.96408	60999.17361	55107.48789	62373.46884	56591.44980	56730.24980	60270.96408	55364.33551	54585.27837	56910.73551	54507.06884	60249.55456	62034.93551	60325.54503	55154.76408	63275.44027	61051.51646	54322.20218	54540.34503	61638.22122	55603.83075	59608.84980	55439.06884	60272.64980	60612.56408	57225.56408	61173.02122	60957.50694	62012.83075	60238.07837	54817.29741	57042.04980	54806.86884	58306.21170	55413.42122	61311.43075	61280.98313	61222.35456	60088.60218	54677.19265	57262.68789	56939.93551	57819.12599	62736.01170	55859.51646	62564.76408	55431.08789	56170.00218	58032.28789	61936.56408	61587.08789	55293.39265	61751.03075	55199.50694	60259.24027	62365.95456	59508.55456	55302.74503	58157.30694	61422.47837	55265.01170	55012.69741	58084.66884	54989.97361	57067.84980	63835.13551	57949.64980	61047.89741	60531.84980	62797.14503	55191.50694	61179.10694	55269.69741	56278.29741	61401.72599	62056.26884	59684.85932	57571.05932	63485.07837	61201.02122	61112.64980	57476.09741	54585.85932	61266.58313	58310.51646	54385.48789	55019.50694	55585.63075	54896.48789	61283.87837	57864.21170	57186.19265	57517.99265	60608.82122	58185.12599	54644.43075	61058.84980
I10	62962.53551	56739.30694	65017.32599	60592.14503	56285.88789	56198.75456	63621.83075	57475.16408	60999.17361	73983.38313	56090.69741	64441.67837	56536.65932	57071.45932	64445.17361	56327.54503	56997.48789	59499.94503	56219.27837	63159.76408	65020.14503	64028.75456	56113.97361	65305.64980	64259.72599	55410.41170	56083.55456	64886.43075	56322.04027	62981.05932	56601.27837	63827.85932	64334.77361	57157.77361	64156.23075	60730.71646	65850.04027	63177.28789	55877.50694	57182.25932	55451.07837	57287.42122	56346.63075	64317.64027	64354.19265	64057.56408	64271.81170	56251.40218	59839.89741	56934.14503	57623.33551	64911.22122	56911.72599	65621.97361	56421.29741	56665.21170	57260.49741	65938.77361	65535.29741	56211.60218	64739.24027	56122.71646	62822.44980	65106.16408	63788.76408	56147.95456	59752.51646	65368.68789	56021.22122	56298.90694	57807.87837	56008.18313	57046.05932	64982.34503	60693.85932	65576.10694	60587.05932	64524.35456	56104.71646	64052.31646	56279.90694	56715.50694	63989.93551	65419.47837	65059.06884	57230.26884	65458.28789	64818.23075	63331.85932	57281.30694	56273.06884	66079.79265	57281.72599	56061.69741	55815.71646	56433.84027	55747.69741	64867.08789	58241.42122	57548.40218	57403.20218	60476.03075	59793.33551	55700.64027	64942.05932
I11	55928.84980	60934.62122	56428.64027	54979.45932	65475.20218	54202.06884	56279.14503	54813.47837	55107.48789	56090.69741	71798.01170	56633.99265	54075.97361	54823.77361	56565.48789	58261.85932	52823.80218	54188.25932	52613.59265	55664.07837	56333.45932	56424.06884	58334.28789	56671.96408	56701.04027	56396.72599	52909.86884	56047.74503	65420.35456	55841.37361	54126.59265	55968.17361	56222.08789	54189.08789	55903.54503	55062.03075	56709.35456	55961.60218	52761.82122	54520.57361	55622.39265	54146.73551	53834.94503	56427.95456	56474.50694	56178.87837	55893.12599	52782.71646	54202.21170	54519.45932	54645.64980	56561.53551	54408.04027	56376.28789	54049.61170	54071.52599	54489.81170	56489.08789	56393.61170	53738.91646	56376.55456	53800.03075	55876.76408	56394.47837	55524.07837	57020.26884	54758.83075	56670.00218	53771.53551	53999.22122	55036.19265	58623.49741	54352.37361	56875.65932	54357.17361	56590.42122	55134.37361	56449.66884	57908.03075	56604.63075	55950.22122	54168.82122	56273.24980	56710.79265	55630.38313	54647.58313	57213.60218	55884.54503	56024.17361	54274.62122	52600.38313	56093.10694	54550.04027	52712.01170	53486.03075	53791.15456	53431.01170	56692.40218	53407.73551	54610.71646	54656.51646	54672.34503	54108.64980	54741.95456	56265.37361
I12	61542.83075	56969.60218	66240.62122	59233.44027	56901.18313	56445.04980	67262.12599	57752.45932	62373.46884	64441.67837	56633.99265	78267.97361	57011.95456	57245.75456	62502.46884	56566.84027	55911.78313	58416.24027	55833.57361	61731.05932	66087.44027	62623.04980	56411.26884	67989.94503	63484.02122	55859.70694	55672.84980	65953.72599	56891.33551	61840.35456	56906.57361	61923.15456	62035.06884	57315.06884	64676.52599	62976.01170	64484.33551	61927.58313	56183.80218	57373.55456	56038.37361	57449.71646	56613.92599	65680.93551	65470.48789	64640.85932	62697.10694	55753.69741	58890.19265	57411.44027	57799.63075	69829.51646	57266.02122	70758.26884	56506.59265	56885.50694	57659.79265	66706.06884	65864.59265	56425.89741	66187.53551	56518.01170	61353.74503	65631.45932	62061.05932	56413.24980	59575.81170	66513.98313	56369.51646	56468.20218	58289.17361	56300.47837	57276.35456	68878.64027	61420.15456	63420.40218	63726.35456	70833.64980	56432.01170	63095.61170	56616.20218	57226.80218	64686.23075	64927.77361	62430.36408	57315.56408	67379.58313	63858.52599	65629.15456	57382.60218	55951.36408	65991.08789	57549.02122	55878.99265	56192.01170	56908.13551	56089.99265	66537.38313	60987.71646	57622.69741	57576.49741	63869.32599	61746.63075	55974.93551	66696.35456
I13	56675.81170	54605.58313	56962.60218	55242.42122	54059.16408	53974.03075	57114.10694	57594.44027	56591.44980	56536.65932	54075.97361	57011.95456	72267.93551	55740.73551	56939.44980	54008.82122	53591.76408	54916.22122	53295.55456	56165.04027	56705.42122	56627.03075	53807.24980	57124.92599	57209.00218	53427.68789	53607.83075	56487.70694	54253.31646	56739.33551	54443.55456	56627.13551	56539.04980	62683.04980	56231.50694	60752.99265	57137.31646	56644.56408	53370.78313	57240.53551	53836.35456	57910.69741	54235.90694	56862.91646	57016.46884	56747.84027	56239.08789	53700.67837	54797.17361	58847.42122	61365.61170	56831.49741	54731.00218	56837.24980	54333.57361	55166.48789	61379.77361	56901.04980	56964.57361	53981.87837	57054.51646	53869.99265	56540.72599	57112.44027	55719.04027	53925.23075	59310.79265	56897.96408	54134.49741	54064.18313	58915.15456	53563.45932	59231.33551	57475.62122	54659.13551	57312.38313	56429.33551	56957.63075	54219.99265	57294.59265	54123.18313	56046.78313	56832.21170	56885.75456	55952.34503	57910.54503	57699.56408	56418.50694	56475.13551	56648.58313	53534.34503	56467.06884	57854.00218	53536.97361	53863.99265	54253.11646	53903.97361	57107.36408	53778.69741	58337.67837	57170.47837	58555.30694	54611.61170	53832.91646	56919.33551
I14	57113.61170	54960.38313	57197.40218	59668.22122	54643.96408	54488.83075	57118.90694	57879.24027	56730.24980	57071.45932	54823.77361	57245.75456	55740.73551	69939.53551	57540.24980	54567.62122	53768.56408	55428.02122	54012.35456	56846.84027	57166.22122	57354.83075	54704.04980	57308.72599	57863.80218	53767.48789	54070.63075	56733.50694	55260.11646	56844.13551	62865.35456	57087.93551	57082.84980	55607.84980	56804.30694	56549.79265	57548.11646	57151.36408	53818.58313	57811.33551	54074.15456	56974.49741	60781.70694	57165.71646	57213.26884	57209.64027	57162.88789	54120.47837	55341.97361	55714.22122	57493.41170	57367.29741	62293.80218	56981.04980	60823.37361	58675.28789	57017.57361	57363.84980	57109.37361	60859.67837	57146.31646	58932.79265	57015.52599	57355.24027	56554.84027	54455.03075	56266.59265	57000.76408	58844.29741	54286.98313	58651.95456	54644.25932	56943.13551	57581.42122	54932.93551	57747.18313	57947.13551	57141.43075	54713.79265	57683.39265	54821.98313	60642.58313	57185.01170	57491.55456	56660.14503	57414.34503	57593.36408	56763.30694	56872.93551	58388.38313	53779.14503	57136.86884	57840.80218	53629.77361	60804.79265	59978.91646	58437.77361	57499.16408	54055.49741	56869.47837	58086.27837	56179.10694	54818.41170	54057.71646	57060.13551
I15	69379.32599	56982.09741	64839.11646	60721.93551	56641.67837	56339.54503	65009.62122	58069.95456	60270.96408	64445.17361	56565.48789	62502.46884	56939.44980	57540.24980	78138.96408	56511.33551	55541.27837	61954.73551	55609.06884	65001.55456	64206.93551	68148.54503	56112.76408	62051.44027	69660.51646	55885.20218	56101.34503	63232.22122	56634.83075	66399.84980	56852.06884	66714.64980	66155.56408	57377.56408	63282.02122	59626.50694	64611.83075	66174.07837	56076.29741	57614.04980	56147.86884	57131.21170	56675.42122	65321.43075	66985.98313	63959.35456	67297.60218	56007.19265	61519.68789	57372.93551	57689.12599	62288.01170	57330.51646	62547.76408	56909.08789	56772.00218	57649.28789	64424.56408	65368.08789	56484.39265	65332.03075	56483.50694	65794.24027	65393.95456	66436.55456	56467.74503	62015.30694	64953.47837	56368.01170	56306.69741	58025.66884	56472.97361	57250.84980	61877.13551	58463.64980	66789.89741	60127.84980	61875.14503	56152.50694	68133.10694	56499.69741	56812.29741	64086.72599	65162.26884	67802.85932	57466.05932	63356.07837	64144.02122	64003.64980	57481.09741	55706.85932	65715.58313	57734.51646	55857.48789	56277.50694	56697.63075	56073.48789	65923.87837	57246.21170	57349.19265	57409.99265	59285.82122	57948.12599	55974.43075	66042.84980
I16	56208.69741	58929.46884	56517.48789	55167.30694	57739.04980	54504.91646	56562.99265	54944.32599	55364.33551	56327.54503	58261.85932	56566.84027	54008.82122	54567.62122	56511.33551	73296.70694	52946.64980	54518.10694	52842.44027	56068.92599	56482.30694	56682.91646	55702.13551	56529.81170	56847.88789	54768.57361	53210.71646	56336.59265	58050.20218	55977.22122	53936.44027	56083.02122	56504.93551	54252.93551	56044.39265	55465.87837	56711.20218	56554.44980	53296.66884	54369.42122	55806.24027	54336.58313	53663.79265	56817.80218	56263.35456	56464.72599	56231.97361	53146.56408	54624.05932	54310.30694	54758.49741	56409.38313	54304.88789	56464.13551	54214.45932	53845.37361	54437.65932	56598.93551	56463.45932	53873.76408	56442.40218	53541.87837	56063.61170	56507.32599	55797.92599	60158.11646	55164.67837	56805.84980	53840.38313	53597.06884	55466.04027	59200.34503	54152.22122	56936.50694	54495.02122	57270.26884	55485.22122	56584.51646	57112.87837	56934.47837	56208.06884	54239.66884	56325.09741	56733.64027	55885.23075	54846.43075	57248.44980	56487.39265	56469.02122	54287.46884	53130.23075	55902.95456	54754.88789	52730.85932	53591.87837	53913.00218	53350.85932	56667.24980	53211.58313	54568.56408	54517.36408	54785.19265	54100.49741	53772.80218	56746.22122
I17	55008.64027	53544.41170	55758.43075	54434.24980	53046.99265	52936.85932	55548.93551	54004.26884	54585.27837	56997.48789	52823.80218	55911.78313	53591.76408	53768.56408	55541.27837	52946.64980	70205.59265	56831.04980	60017.38313	54975.86884	55922.24980	55601.85932	52833.07837	55842.75456	56079.83075	52241.51646	57729.65932	55609.53551	52972.14503	55137.16408	53595.38313	55290.96408	55533.87837	53480.87837	55406.33551	54663.82122	55795.14503	55223.39265	52498.61170	53962.36408	52361.18313	53637.52599	53263.73551	55902.74503	55855.29741	55466.66884	55263.91646	58350.50694	54281.00218	53698.24980	54071.44027	55730.32599	53803.83075	55687.07837	53361.40218	53451.31646	53590.60218	55814.87837	55782.40218	53439.70694	55683.34503	53540.82122	55238.55456	55826.26884	54918.86884	52737.05932	53736.62122	55925.79265	53456.32599	52836.01170	54433.98313	52450.28789	53742.16408	56354.44980	53992.96408	55923.21170	54523.16408	56135.45932	52949.82122	55930.42122	52924.01170	53558.61170	55753.04027	55927.58313	55060.17361	53509.37361	55876.39265	55577.33551	55463.96408	53739.41170	58836.17361	55720.89741	53750.83075	57715.80218	53192.82122	53694.94503	52869.80218	55932.19265	53212.52599	53707.50694	53832.30694	54106.13551	56151.44027	54291.74503	55684.16408
I18	64181.09741	54466.86884	58643.88789	56793.70694	54282.44980	54229.31646	61491.39265	55604.72599	56910.73551	59499.94503	54188.25932	58416.24027	54916.22122	55428.02122	61954.73551	54518.10694	56831.04980	70170.50694	56989.84027	59497.32599	58898.70694	63392.31646	53856.53551	58322.21170	62135.28789	53814.97361	56770.11646	58195.99265	54424.60218	59547.62122	55101.84027	61703.42122	60118.33551	55197.33551	58057.79265	56588.27837	59182.60218	61194.84980	53662.06884	55274.82122	53810.64027	55076.98313	54785.19265	59194.20218	58881.75456	60165.12599	62559.37361	55710.96408	56598.45932	55270.70694	55569.89741	58228.78313	55427.28789	58021.53551	54899.85932	54579.77361	55339.05932	59147.33551	59122.85932	54887.16408	60037.80218	54742.27837	58662.01170	59918.72599	60750.32599	54211.51646	57498.07837	58137.24980	54786.78313	54089.46884	55821.44027	53995.74503	55204.62122	59255.90694	55670.42122	60758.66884	56682.62122	58490.91646	54146.27837	59989.87837	54327.46884	55078.06884	59671.49741	59716.04027	60845.63075	55089.83075	58559.84980	58830.79265	60466.42122	55245.86884	56788.63075	59057.35456	55438.28789	56167.25932	54654.27837	55075.40218	54519.25932	59792.64980	54710.98313	55210.96408	55110.76408	56725.59265	56264.89741	55286.20218	59798.62122
I19	55013.43075	53473.20218	55690.22122	54743.04027	52715.78313	52865.64980	55613.72599	53939.05932	54507.06884	56219.27837	52613.59265	55833.57361	53295.55456	54012.35456	55609.06884	52842.44027	60017.38313	56989.84027	69649.17361	55087.65932	55826.04027	55568.64980	52599.86884	55790.54503	56188.62122	52041.30694	58234.44980	55705.32599	53180.93551	55263.95456	54238.17361	55151.75456	55445.66884	53212.66884	55466.12599	54588.61170	55809.93551	55364.18313	52270.40218	53837.15456	52451.97361	53563.31646	53600.52599	55729.53551	55820.08789	55321.45932	55327.70694	56809.29741	54387.79265	53383.04027	53984.23075	55562.11646	54450.62122	55635.86884	53776.19265	53313.10694	53615.39265	55946.66884	55591.19265	53535.49741	55772.13551	53317.61170	55394.34503	55972.05932	55127.65932	52562.84980	53687.41170	55862.58313	53411.11646	52520.80218	54133.77361	52216.07837	53513.95456	56548.24027	53914.75456	55907.00218	54557.95456	56092.24980	52814.61170	55814.21170	52913.80218	53944.40218	55759.83075	55917.37361	55161.96408	53375.16408	56043.18313	55406.12599	55386.75456	53576.20218	58124.96408	55661.68789	53723.62122	57442.59265	53440.61170	53648.73551	53084.59265	55745.98313	53396.31646	53596.29741	53774.09741	54145.92599	55688.23075	54281.53551	55561.95456
I20	63169.91646	56195.68789	64941.70694	60796.52599	55770.26884	55537.13551	62606.21170	57568.54503	60249.55456	63159.76408	55664.07837	61731.05932	56165.04027	56846.84027	65001.55456	56068.92599	54975.86884	59497.32599	55087.65932	76625.14503	64447.52599	66648.13551	55437.35456	62145.03075	66184.10694	55289.79265	55212.93551	63217.81170	55807.42122	64881.44027	56089.65932	66793.24027	67779.15456	56892.15456	63178.61170	59786.09741	65478.42122	66942.66884	55014.88789	56759.64027	55621.45932	56760.80218	55981.01170	64398.02122	63382.57361	65507.94503	64045.19265	55289.78313	60498.27837	57060.52599	57166.71646	61511.60218	56782.10694	62570.35456	56323.67837	56405.59265	57305.87837	64607.15456	63723.67837	55996.98313	64139.62122	56091.09741	65880.83075	64843.54503	65893.14503	55798.33551	61106.89741	63588.06884	56066.60218	55676.28789	57500.25932	55832.56408	56688.44027	62554.72599	58556.24027	66730.48789	59564.44027	61197.73551	55986.09741	65403.69741	55573.28789	56356.88789	64663.31646	65843.85932	66303.44980	56843.64980	62721.66884	64616.61170	63509.24027	56749.68789	55583.44980	64506.17361	57281.10694	55435.07837	55829.09741	56328.22122	55817.07837	64732.46884	56517.80218	57078.78313	56979.58313	59045.41170	57592.71646	55240.02122	63944.44027
I21	62340.29741	57037.06884	66977.08789	60746.90694	56440.64980	56318.51646	64043.59265	57641.92599	62034.93551	65020.14503	56333.45932	66087.44027	56705.42122	57166.22122	64206.93551	56482.30694	55922.24980	58898.70694	55826.04027	64447.52599	75120.90694	64098.51646	56162.73551	66328.41170	65940.48789	55569.17361	55589.31646	67796.19265	56528.80218	63561.82122	56536.04027	63433.62122	65268.53551	57298.53551	64516.99265	61940.47837	64956.80218	63872.04980	55945.26884	57232.02122	55904.84027	57121.18313	56133.39265	65875.40218	64929.95456	65017.32599	63913.57361	55951.16408	60667.65932	57208.90694	57534.09741	66761.98313	56834.48789	66473.73551	56393.05932	56879.97361	57262.25932	66652.53551	65945.05932	56274.36408	66116.00218	56192.47837	64820.21170	67743.92599	64139.52599	56271.71646	58864.27837	66431.44980	56036.98313	56419.66884	57947.64027	56018.94503	56947.82122	68041.10694	60583.62122	66862.86884	61488.82122	65728.11646	56247.47837	64930.07837	56364.66884	56844.26884	65082.69741	66738.24027	64107.83075	57062.03075	67780.04980	66579.99265	64723.62122	57212.06884	55552.83075	65672.55456	57397.48789	55623.45932	55790.47837	56562.60218	55857.45932	65433.84980	60770.18313	57443.16408	57422.96408	60928.79265	60506.09741	55625.40218	64271.82122
I22	68661.90694	56707.67837	63750.69741	60388.51646	56592.25932	56146.12599	67607.20218	57495.53551	60325.54503	64028.75456	56424.06884	62623.04980	56627.03075	57354.83075	68148.54503	56682.91646	55601.85932	63392.31646	55568.64980	66648.13551	64098.51646	79420.12599	56261.34503	62498.02122	69944.09741	55330.78313	55832.92599	62630.80218	56753.41170	65274.43075	57223.64980	69181.23075	67078.14503	57627.14503	62361.60218	59779.08789	64328.41170	68689.65932	55556.87837	57063.63075	56044.44980	56858.79265	56850.00218	63969.01170	65052.56408	66325.93551	70333.18313	55821.77361	60890.26884	57375.51646	57451.70694	61658.59265	57801.09741	61643.34503	56788.66884	56906.58313	57564.86884	63633.14503	64705.66884	56603.97361	65423.61170	56640.08789	64470.82122	64862.53551	68027.13551	56441.32599	62516.88789	63090.05932	56520.59265	56523.27837	57508.24980	56221.55456	57332.43075	62485.71646	58303.23075	66894.47837	59915.43075	62309.72599	56273.08789	67577.68789	56275.27837	56925.87837	65441.30694	65389.84980	67296.44027	56981.64027	62625.65932	63263.60218	65315.23075	57268.67837	55623.44027	64930.16408	57168.09741	55477.06884	56523.08789	56876.21170	56203.06884	64870.45932	57363.79265	57648.77361	56983.57361	59694.40218	57964.70694	55489.01170	63888.43075
I23	55745.12599	57047.89741	56357.91646	54952.73551	58317.47837	56518.34503	56089.42122	55112.75456	55154.76408	56113.97361	58334.28789	56411.26884	53807.24980	54704.04980	56112.76408	55702.13551	52833.07837	53856.53551	52599.86884	55437.35456	56162.73551	56261.34503	68554.56408	56552.24027	56617.31646	54395.00218	52743.14503	56080.02122	62131.63075	55909.64980	53919.86884	55768.44980	56003.36408	54131.36408	55906.82122	55267.30694	56262.63075	56042.87837	55269.09741	54444.84980	56607.66884	53984.01170	53845.22122	56494.23075	56133.78313	56103.15456	55887.40218	52863.99265	54248.48789	54495.73551	54892.92599	56572.81170	54246.31646	56229.56408	53869.88789	54281.80218	54354.08789	56293.36408	56458.88789	53679.19265	56388.83075	53583.30694	55889.04027	56370.75456	55421.35456	55750.54503	54632.10694	56460.27837	53606.81170	55263.49741	54977.46884	56219.77361	54243.64980	56541.93551	54179.44980	56447.69741	55191.64980	56458.94503	58290.30694	56379.90694	54766.49741	54147.09741	56320.52599	56669.06884	55600.65932	54383.85932	56903.87837	55896.82122	55832.44980	54437.89741	52414.65932	55918.38313	54478.31646	52389.28789	53434.30694	53847.43075	53317.28789	56519.67837	53130.01170	54642.99265	54682.79265	54587.62122	54086.92599	54578.23075	56100.64980
I24	61611.80218	57029.57361	66439.59265	60032.41170	56659.15456	56341.02122	65319.09741	57781.43075	63275.44027	65305.64980	56671.96408	67989.94503	57124.92599	57308.72599	62051.44027	56529.81170	55842.75456	58322.21170	55790.54503	62145.03075	66328.41170	62498.02122	56552.24027	77853.91646	62754.99265	55623.67837	55805.82122	65384.69741	57010.30694	61894.32599	56900.54503	62574.12599	62386.04027	57736.04027	66138.49741	64060.98313	66888.30694	61914.55456	56138.77361	57408.52599	56065.34503	57416.68789	56804.89741	65228.90694	66305.45932	65815.83075	62100.07837	55931.66884	59158.16408	57491.41170	57922.60218	69700.48789	57435.99265	69642.24027	56920.56408	57148.47837	57447.76408	65736.04027	64855.56408	56850.86884	66226.50694	56792.98313	62127.71646	66728.43075	61069.03075	56614.22122	59590.78313	65552.95456	56705.48789	56419.17361	58249.14503	56147.44980	57202.32599	69887.61170	62906.12599	62744.37361	63258.32599	69631.62122	56555.98313	63432.58313	56355.17361	57111.77361	66055.20218	66577.74503	61322.33551	57328.53551	71702.55456	65469.49741	65103.12599	57514.57361	56084.33551	65335.05932	57510.99265	55731.96408	56341.98313	57155.10694	56495.96408	65084.35456	61989.68789	57752.66884	57484.46884	62270.29741	63101.60218	55878.90694	64317.32599
I25	68156.87837	57477.64980	65040.66884	61807.48789	57037.23075	56618.09741	66678.17361	58493.50694	61051.51646	64259.72599	56701.04027	63484.02122	57209.00218	57863.80218	69660.51646	56847.88789	56079.83075	62135.28789	56188.62122	66184.10694	65940.48789	69944.09741	56617.31646	62754.99265	79775.06884	55923.75456	56107.89741	64430.77361	57153.38313	65650.40218	57284.62122	67124.20218	67316.11646	57569.11646	63426.57361	60346.05932	65517.38313	67568.63075	56185.84980	57705.60218	56509.42122	57596.76408	57032.97361	64477.98313	66207.53551	64320.90694	68733.15456	56347.74503	61837.24027	57569.48789	57994.67837	63144.56408	57835.06884	62563.31646	57200.64027	57337.55456	58094.84027	66162.11646	66452.64027	56798.94503	65523.58313	56718.05932	67178.79265	68010.50694	67320.10694	56717.29741	61193.85932	64925.03075	56695.56408	56677.24980	58453.22122	56356.52599	57609.40218	62804.68789	58745.20218	68391.44980	61003.40218	63411.69741	56510.05932	68371.65932	56796.24980	57400.84980	65451.27837	64723.82122	66832.41170	57545.61170	63144.63075	64625.57361	63869.20218	57821.64980	55923.41170	65832.13551	58100.06884	56031.04027	56864.05932	57126.18313	56347.04027	65101.43075	57595.76408	57927.74503	57718.54503	59624.37361	58893.67837	56190.98313	65468.40218
I26	55311.56408	56424.33551	55548.35456	53975.17361	56426.91646	54688.78313	55595.85932	54108.19265	54322.20218	55410.41170	56396.72599	55859.70694	53427.68789	53767.48789	55885.20218	54768.57361	52241.51646	53814.97361	52041.30694	55289.79265	55569.17361	55330.78313	54395.00218	55623.67837	55923.75456	67574.44027	52326.58313	55470.45932	56028.06884	55286.08789	52782.30694	55243.88789	55389.80218	53606.80218	55343.25932	54787.74503	55617.06884	55342.31646	54083.53551	53929.28789	54789.10694	53604.44980	52748.65932	55864.66884	55620.22122	55284.59265	55324.84027	52360.43075	53810.92599	53731.17361	53847.36408	55638.24980	53390.75456	55730.00218	53181.32599	53100.24027	53586.52599	55787.80218	55786.32599	53193.63075	55891.26884	53130.74503	55318.47837	55794.19265	54820.79265	55265.98313	54078.54503	55883.71646	53060.24980	54582.93551	54301.90694	56405.21170	53685.08789	56257.37361	53613.88789	56106.13551	54311.08789	55741.38313	56184.74503	56049.34503	55581.93551	53467.53551	55534.96408	55800.50694	54874.09741	53954.29741	56190.31646	55356.25932	55505.88789	53624.33551	52349.09741	55188.82122	53884.75456	52164.72599	53027.74503	53500.86884	52706.72599	55830.11646	52604.44980	53966.43075	54035.23075	54118.05932	53355.36408	53718.66884	55518.08789
I27	55955.70694	53399.47837	55518.49741	54523.31646	52980.05932	52909.92599	55843.00218	54355.33551	54540.34503	56083.55456	52909.86884	55672.84980	53607.83075	54070.63075	56101.34503	53210.71646	57729.65932	56770.11646	58234.44980	55212.93551	55589.31646	55832.92599	52743.14503	55805.82122	56107.89741	52326.58313	69806.72599	55353.60218	53433.21170	55401.23075	54105.44980	55436.03075	55845.94503	53800.94503	55299.40218	54905.88789	55827.21170	55704.45932	52613.67837	53850.43075	52930.24980	53575.59265	53937.80218	55891.81170	55662.36408	55693.73551	55671.98313	59590.57361	54301.06884	53941.31646	54120.50694	55643.39265	54441.89741	55296.14503	53819.46884	53428.38313	54168.66884	55546.94503	55577.46884	53566.77361	55589.41170	53719.88789	55432.62122	55801.33551	55004.93551	53075.12599	54290.68789	55854.85932	53886.39265	53126.07837	54382.04980	52588.35456	53826.23075	56239.51646	54277.03075	56240.27837	54979.23075	55878.52599	52907.88789	56051.48789	53127.07837	53648.67837	55616.10694	56023.64980	55375.24027	53637.44027	56321.45932	55358.40218	55393.03075	53579.47837	59300.24027	55681.96408	54071.89741	57652.86884	53592.88789	53566.01170	53476.86884	56261.25932	53699.59265	53824.57361	53833.37361	54159.20218	56005.50694	54153.81170	55754.23075
I28	61213.58313	56776.35456	64971.37361	60947.19265	56268.93551	55995.80218	63884.87837	57535.21170	61638.22122	64886.43075	56047.74503	65953.72599	56487.70694	56733.50694	63232.22122	56336.59265	55609.53551	58195.99265	55705.32599	63217.81170	67796.19265	62630.80218	56080.02122	65384.69741	64430.77361	55470.45932	55353.60218	74647.47837	56430.08789	63543.10694	56222.32599	62191.90694	63485.82122	57204.82122	64306.27837	61488.76408	65557.08789	62235.33551	55625.55456	56908.30694	55493.12599	57141.46884	55982.67837	65269.68789	64433.24027	64171.61170	62374.85932	55649.44980	61250.94503	57247.19265	57234.38313	65604.26884	56487.77361	64950.02122	55910.34503	56394.25932	57094.54503	65413.82122	65679.34503	55734.64980	64927.28789	55741.76408	63606.49741	66219.21170	62908.81170	55885.00218	59094.56408	67597.73551	55847.26884	55910.95456	57840.92599	55750.23075	56801.10694	68243.39265	59583.90694	65692.15456	60681.10694	66184.40218	56067.76408	63779.36408	56028.95456	56729.55456	63862.98313	65248.52599	63858.11646	56826.31646	66287.33551	65501.27837	63465.90694	56985.35456	55463.11646	63478.84027	57245.77361	55313.74503	55528.76408	56118.88789	55527.74503	64646.13551	60532.46884	57314.44980	57219.24980	62103.07837	59602.38313	55398.68789	64686.10694
I29	56188.19265	62773.96408	56645.98313	55347.80218	64777.54503	54490.41170	56543.48789	55177.82122	55603.83075	56322.04027	65420.35456	56891.33551	54253.31646	55260.11646	56634.83075	58050.20218	52972.14503	54424.60218	53180.93551	55807.42122	56528.80218	56753.41170	62131.63075	57010.30694	57153.38313	56028.06884	53433.21170	56430.08789	77698.69741	56339.71646	54655.93551	56083.51646	56581.43075	54634.43075	56222.88789	55550.37361	56807.69741	56241.94503	53572.16408	54797.91646	57156.73551	54049.07837	54580.28789	56626.29741	56360.84980	56428.22122	56241.46884	53418.05932	54688.55456	54578.80218	55255.99265	56892.87837	55073.38313	56388.63075	54776.95456	54489.86884	54702.15456	56752.43075	56739.95456	54484.25932	56742.89741	54344.37361	56155.10694	56526.82122	55565.42122	57755.61170	55018.17361	56957.34503	54202.87837	53797.56408	55559.53551	58303.84027	54360.71646	57249.00218	54751.51646	56569.76408	55411.71646	56937.01170	61060.37361	56816.97361	56336.56408	54416.16408	56582.59265	56818.13551	55769.72599	54883.92599	57501.94503	56053.88789	56269.51646	54559.96408	52825.72599	56121.44980	54893.38313	52971.35456	54016.37361	54605.49741	54122.35456	56779.74503	53712.07837	54752.05932	54833.85932	54983.68789	54497.99265	55065.29741	56457.71646
I30	64817.21170	56565.98313	63651.00218	59467.82122	56141.56408	55697.43075	63020.50694	57673.84027	59608.84980	62981.05932	55841.37361	61840.35456	56739.33551	56844.13551	66399.84980	55977.22122	55137.16408	59547.62122	55263.95456	64881.44027	63561.82122	65274.43075	55909.64980	61894.32599	65650.40218	55286.08789	55401.23075	63543.10694	56339.71646	74364.73551	56353.95456	64615.53551	65408.44980	57010.44980	63464.90694	59550.39265	63307.71646	64158.96408	55437.18313	56865.93551	55237.75456	56973.09741	56031.30694	63619.31646	65582.86884	62842.24027	65536.48789	55530.07837	61114.57361	57139.82122	57381.01170	61357.89741	56672.40218	62387.64980	56139.97361	56352.88789	57263.17361	62761.44980	64564.97361	55791.27837	63847.91646	55917.39265	67172.12599	64296.84027	64901.44027	55983.63075	60073.19265	64697.36408	55824.89741	55781.58313	57549.55456	55617.85932	57073.73551	61386.02122	57955.53551	64894.78313	59226.73551	61155.03075	55789.39265	68371.99265	55815.58313	56422.18313	63241.61170	64263.15456	64878.74503	56675.94503	62571.96408	63024.90694	63111.53551	57049.98313	55274.74503	63217.46884	57208.40218	55547.37361	55781.39265	56041.51646	55597.37361	64407.76408	57412.09741	57291.07837	56981.87837	58610.70694	57396.01170	55365.31646	63145.73551
I31	56860.43075	54145.20218	56555.22122	62227.04027	53609.78313	53605.64980	56969.72599	55449.05932	55439.06884	56601.27837	54126.59265	56906.57361	54443.55456	62865.35456	56852.06884	53936.44027	53595.38313	55101.84027	54238.17361	56089.65932	56536.04027	57223.64980	53919.86884	56900.54503	57284.62122	52782.30694	54105.44980	56222.32599	54655.93551	56353.95456	76249.17361	56422.75456	56576.66884	55137.66884	56261.12599	55929.61170	56874.93551	56699.18313	53204.40218	54879.15456	53624.97361	55207.31646	65003.52599	56537.53551	56724.08789	56932.45932	56618.70694	53988.29741	55002.79265	55243.04027	54998.23075	57071.11646	68520.62122	56599.86884	64715.19265	59544.10694	55341.39265	56668.66884	56465.19265	65338.49741	56585.13551	62870.61170	56243.34503	57022.05932	56074.65932	54169.84980	55774.41170	56516.58313	62257.11646	53755.80218	55947.77361	53898.07837	54858.95456	57218.24027	54670.75456	57091.00218	55835.95456	56944.24980	54114.61170	57225.21170	54071.80218	62307.40218	56666.83075	57089.37361	56141.96408	54837.16408	57308.18313	56117.12599	56560.75456	54612.20218	53947.96408	56479.68789	54964.62122	53400.59265	64908.61170	63163.73551	62160.59265	57031.98313	53786.31646	55427.29741	55490.09741	55238.92599	54647.23075	53393.53551	56522.95456
